32757 32702 32662 32609 32591 32439 32391 32209 31998 31673 31556 31426 31329 31322 31316 31185 31115 31107 31101 30932
30836 30523 30333 30303 30191 30145 30106 29869 29658 29657 29510 29358 29334 29314 29168 28745 28703 28692 28617 28476
28433 28321 28297 28286 28253 28145 28070 28022 28009 27982 27938 27892 27756 27753 27644 27624 27595 27529 27506 27446
27350 27348 27157 27088 26962 26924 26869 26777 26500 26477 26439 26418 26362 26308 26299 26292 26154 25996 25874 25824
25734 25721 25667 25547 25200 24946 24767 24648 24626 24488 24484 24464 24393 24389 24372 24370 24355 24350 24272 24221
24182 24179 24084 24021 23986 23844 23811 23805 23757 23655 23646 23622 23281 23199 23196 23195 22929 22888 22813 22798
22704 22648 22646 22549 22483 22386 22355 22190 21881 21726 21724 21718 21659 21548 21538 21425 21003 20945 20798 20671
20649 20600 20580 20537 20485 20472 20450 20416 20328 20222 20159 20142 20055 20053 20037 20024 19976 19954 19912 19895
19866 19815 19796 19718 19668 19629 19589 19558 19264 19169 19156 19072 18935 18905 18875 18787 18762 18756 18716 18651
18636 18588 18538 18467 18190 18127 18114 18060 18007 17958 17861 17807 17673 17451 17437 17421 17410 17253 17189 17035
16944 16941 16827 16687 16549 16541 16519 16512 16423 16413 16282 16279 16202 16139 16118 16105 15890 15724 15574 15573
15457 15350 15281 15255 15141 15006 14989 14945 14893 14798 14771 14688 14604 14343 14310 14309 14018 13977 13966 13931
13458 13401 13290 13186 13030 12949 12859 12623 12529 12455 12423 12382 12316 12292 12287 12263 12052 12044 11942 11840
11833 11701 11538 11511 11478 11337 11323 11173 11020 11008 10808 10712 10585 10555 10466 10383 10322 10291 10285 10202
10021 9961 9930 9905 9894 9832 9789 9758 9741 9514 9512 9503 9374 9314 9161 9040 8942 8909 8723 8313 8281 8177 7958 7711
 7616 7518 7487 7448 7441 7391 7376 7129 6900 6868 6729 6618 6617 6483 6422 6359 6334 6270 6224 6191 6038 5844 5829 5786
 5705 5699 5537 5535 5447 5436 5249 5097 5075 5021 5002 4966 4886 4833 4827 4745 4734 4664 4639 4596 4474 4414 4313 4313
 4169 4144 4041 4031 3902 3788 3753 3728 3625 3602 3557 3548 3434 3430 3297 3195 3093 3035 2995 2634 2600 2510 2421 2368
 2306 2168 2161 2154 2082 1999 1869 1842 1832 1655 1587 1416 1150 912 900 778 491 481 467 292 288 193 153 53 41
32757 32702 32662 32609 32591 32439 32391 32209 31998 31673 31556 31426 31329 31322 31316 31185 31115 31107 31101 30932
30836 30523 30333 30303 30191 30145 30106 29869 29658 29657 29510 29358 29334 29314 29168 28745 28703 28692 28617 28476
28433 28321 28297 28286 28253 28145 28070 28022 28009 27982 27938 27892 27756 27753 27644 27624 27595 27529 27506 27446
27350 27348 27157 27088 26962 26924 26869 26777 26500 26477 26439 26418 26362 26308 26299 26292 26154 25996 25874 25824
25734 25721 25667 25547 25200 24946 24767 24648 24626 24488 24484 24464 24393 24389 24372 24370 24355 24350 24272 24221
24182 24179 24084 24021 23986 23844 23811 23805 23757 23655 23646 23622 23281 23199 23196 23195 22929 22888 22813 22798
22704 22648 22646 22549 22483 22386 22355 22190 21881 21726 21724 21718 21659 21548 21538 21425 21003 20945 20798 20671
20649 20600 20580 20537 20485 20472 20450 20416 20328 20222 20159 20142 20055 20053 20037 20024 19976 19954 19912 19895
19866 19815 19796 19718 19668 19629 19589 19558 19264 19169 19156 19072 18935 18905 18875 18787 18762 18756 18716 18651
18636 18588 18538 18467 18190 18127 18114 18060 18007 17958 17861 17807 17673 17451 17437 17421 17410 17253 17189 17035
16944 16941 16827 16687 16549 16541 16519 16512 16423 16413 16282 16279 16202 16139 16118 16105 15890 15724 15574 15573
15457 15350 15281 15255 15141 15006 14989 14945 14893 14798 14771 14688 14604 14343 14310 14309 14018 13977 13966 13931
13458 13401 13290 13186 13030 12949 12859 12623 12529 12455 12423 12382 12316 12292 12287 12263 12052 12044 11942 11840
11833 11701 11538 11511 11478 11337 11323 11173 11020 11008 10712 10585 10555 10466 10383 10322 10291 10285 10202 10021
9961 9930 9905 9894 9832 9789 9758 9741 9514 9512 9503 9374 9314 9161 9040 8942 8909 8723 8313 8281 8177 7958 7711 7616
7518 7487 7448 7441 7391 7376 7129 6900 6868 6729 6618 6617 6483 6422 6359 6334 6270 6224 6191 6038 5844 5829 5786 5705
5699 5537 5535 5447 5436 5249 5097 5075 5021 5002 4966 4886 4833 4827 4745 4734 4664 4639 4596 4474 4414 4313 4313 4169
4144 4041 4031 3902 3788 3753 3728 3625 3602 3557 3548 3434 3430 3297 3195 3093 3035 2995 2634 2600 2510 2421 2368 2306
2168 2161 2154 2082 1999 1869 1842 1832 1655 1587 1416 1150 912 900 778 491 481 467 292 288 193 153 53 41
164
41 53 153 193 288 292 467 481 491 778 900 912 1150 1416 1587 1655 1832 1842 1869 1999 2082 2154 2161 2168 2306 2368 2421
 2510 2600 2634 2995 3035 3093 3195 3297 3430 3434 3548 3557 3602 3625 3728 3753 3788 3902 4031 4041 4144 4169 4313 4313
 4414 4474 4596 4639 4664 4734 4745 4827 4833 4886 4966 5002 5021 5075 5097 5249 5436 5447 5535 5537 5699 5705 5786 5829
 5844 6038 6191 6224 6270 6334 6359 6422 6483 6617 6618 6729 6868 6900 7129 7376 7391 7441 7448 7487 7518 7616 7711 7958
 8177 8281 8313 8723 8909 8942 9040 9161 9314 9374 9503 9512 9514 9741 9758 9789 9832 9894 9905 9930 9961 10021 10202 10
285 10291 10322 10383 10466 10555 10585 10712 11008 11020 11173 11323 11337 11478 11511 11538 11701 11833 11840 11942 12
044 12052 12263 12287 12292 12316 12382 12423 12455 12529 12623 12859 12949 13030 13186 13290 13401 13458 13931 13966 13
977 14018 14309 14310 14343 14604 14688 14771 14798 14893 14945 14989 15006 15141 15255 15281 15350 15457 15573 15574 15
724 15890 16105 16118 16139 16202 16279 16282 16413 16423 16512 16519 16541 16549 16687 16827 16941 16944 17035 17189 17
253 17410 17421 17437 17451 17673 17807 17861 17958 18007 18060 18114 18127 18190 18467 18538 18588 18636 18651 18716 18
756 18762 18787 18875 18905 18935 19072 19156 19169 19264 19558 19589 19629 19668 19718 19796 19815 19866 19895 19912 19
954 19976 20024 20037 20053 20055 20142 20159 20222 20328 20416 20450 20472 20485 20537 20580 20600 20649 20671 20798 20
945 21003 21425 21538 21548 21659 21718 21724 21726 21881 22190 22355 22386 22483 22549 22646 22648 22704 22798 22813 22
888 22929 23195 23196 23199 23281 23622 23646 23655 23757 23805 23811 23844 23986 24021 24084 24179 24182 24221 24272 24
350 24355 24370 24372 24389 24393 24464 24484 24488 24626 24648 24767 24946 25200 25547 25667 25721 25734 25824 25874 25
996 26154 26292 26299 26308 26362 26418 26439 26477 26500 26777 26869 26924 26962 27088 27157 27348 27350 27446 27506 27
529 27595 27624 27644 27753 27756 27892 27938 27982 28009 28022 28070 28145 28253 28286 28297 28321 28433 28476 28617 28
692 28703 28745 29168 29314 29334 29358 29510 29657 29658 29869 30106 30145 30191 30303 30333 30523 30836 30932 31101 31
107 31115 31185 31316 31322 31329 31426 31556 31673 31998 32209 32391 32439 32591 32609 32662 32702 32757
41 53 123 140 142 153 193 235 288 292 300 335 467 481 491 610 778 875 900 911 912 1017 1018 1150 1200 1264 1416 1543 158
7 1626 1626 1637 1655 1752 1832 1842 1869 1924 1926 1993 1999 2082 2125 2154 2161 2168 2223 2303 2306 2324 2368 2421 248
3 2510 2589 2600 2607 2625 2625 2634 2668 2670 2695 2800 2963 2995 3035 3093 3102 3195 3221 3297 3430 3434 3487 3548 355
7 3584 3602 3625 3728 3737 3753 3788 3829 3902 4031 4041 4099 4144 4169 4313 4313 4414 4474 4565 4596 4639 4664 4667 467
5 4678 4734 4745 4757 4802 4827 4833 4886 4940 4966 5002 5021 5030 5075 5097 5108 5109 5249 5436 5447 5535 5537 5556 560
1 5629 5699 5705 5786 5829 5844 5997 6038 6072 6077 6191 6202 6224 6270 6334 6359 6411 6422 6439 6467 6477 6483 6511 654
0 6559 6617 6618 6654 6729 6868 6900 6902 6962 7129 7164 7285 7376 7391 7441 7448 7487 7518 7605 7616 7627 7711 7882 790
0 7958 8116 8177 8213 8260 8281 8313 8360 8365 8480 8492 8526 8683 8723 8759 8909 8932 8942 9010 9040 9161 9313 9314 935
7 9374 9503 9512 9514 9576 9741 9758 9789 9832 9894 9905 9930 9961 10021 10040 10067 10112 10176 10195 10202 10285 10291
 10322 10383 10466 10548 10555 10585 10712 11008 11020 11023 11173 11192 11258 11323 11337 11462 11477 11478 11511 11538
 11585 11635 11701 11833 11840 11942 12043 12044 12052 12053 12181 12193 12263 12287 12292 12316 12382 12423 12455 12529
 12550 12623 12673 12717 12734 12760 12818 12835 12859 12896 12938 12949 12993 13007 13022 13030 13031 13061 13064 13142
 13169 13186 13261 13290 13357 13401 13458 13694 13829 13931 13966 13977 13985 14018 14181 14270 14309 14310 14343 14369
 14413 14460 14474 14485 14604 14688 14771 14798 14887 14893 14924 14932 14945 14962 14989 15006 15141 15145 15205 15255
 15281 15350 15457 15573 15574 15724 15759 15881 15890 16105 16118 16139 16202 16279 16282 16413 16423 16512 16519 16541
 16549 16641 16687 16827 16941 16944 16962 16972 17035 17086 17189 17192 17222 17253 17371 17398 17410 17421 17437 17451
 17505 17549 17578 17673 17713 17807 17825 17861 17870 17958 18007 18060 18087 18114 18127 18190 18443 18467 18538 18588
 18636 18651 18651 18662 18696 18716 18756 18762 18787 18823 18875 18896 18905 18935 18958 19072 19090 19156 19169 19187
 19264 19314 19353 19357 19405 19497 19558 19589 19629 19668 19711 19718 19796 19801 19815 19855 19866 19895 19912 19954
 19976 20024 20037 20040 20053 20055 20072 20142 20159 20175 20215 20222 20315 20326 20328 20416 20424 20450 20472 20485
 20537 20556 20580 20600 20601 20608 20649 20671 20798 20851 20945 21003 21113 21119 21153 21425 21457 21459 21520 21538
 21548 21624 21659 21694 21718 21724 21726 21763 21881 22044 22142 22190 22279 22296 22355 22386 22413 22428 22466 22483
 22532 22549 22593 22646 22648 22658 22701 22704 22725 22741 22758 22798 22813 22848 22850 22888 22929 23152 23195 23196
 23199 23216 23271 23281 23392 23622 23646 23655 23754 23757 23775 23805 23811 23831 23844 23850 23851 23869 23986 23992
 24021 24041 24084 24129 24179 24182 24221 24229 24272 24350 24355 24370 24372 24389 24393 24423 24464 24484 24488 24596
 24626 24648 24767 24855 24946 25200 25264 25423 25484 25547 25547 25561 25627 25667 25705 25721 25734 25760 25824 25824
 25874 25990 25996 26058 26129 26154 26292 26299 26302 26308 26362 26418 26428 26439 26477 26488 26500 26534 26576 26740
 26777 26869 26924 26962 27088 27157 27348 27350 27384 27432 27446 27506 27529 27593 27595 27611 27624 27644 27753 27756
 27813 27892 27938 27982 28009 28019 28022 28027 28070 28112 28145 28253 28286 28296 28297 28321 28433 28464 28476 28503
 28520 28617 28685 28692 28703 28704 28745 29011 29168 29170 29174 29213 29292 29314 29334 29337 29350 29358 29361 29510
 29541 29556 29565 29577 29617 29657 29658 29734 29790 29855 29869 29972 30106 30145 30188 30191 30227 30303 30333 30523
 30527 30695 30771 30833 30836 30877 30900 30932 30974 31003 31060 31101 31107 31111 31115 31185 31240 31286 31316 31322
 31329 31426 31556 31627 31673 31783 31928 31934 31998 32170 32209 32356 32391 32439 32525 32591 32609 32662 32678 32702
 32757
